x	y	theta1	theta2	steps1	steps2	interval
5.169	1.931	-23.899	-289.223	272	3291	9641
5.136	2.035	-29.960	-292.540	69	38	202
5.111	1.960	-27.100	-288.386	-33	-47	137
5.103	1.851	-22.068	-283.319	-57	-58	169
5.105	1.741	-16.651	-278.569	-62	-54	181
5.129	1.633	-10.695	-274.666	-68	-44	199
5.165	1.530	-4.530	-271.389	-70	-37	205
5.214	1.431	1.745	-268.716	-71	-30	208
5.273	1.338	8.042	-266.626	-72	-24	210
5.341	1.252	14.316	-265.066	-71	-18	208
5.345	1.358	9.237	-270.063	58	57	169
5.380	1.455	5.621	-275.657	41	64	187
5.437	1.360	11.942	-273.345	-72	-26	210
5.481	1.259	18.184	-270.191	-71	-36	208
5.509	1.153	24.200	-266.286	-68	-44	199
5.518	1.042	29.838	-261.449	-64	-55	187
5.506	0.934	34.762	-256.027	-56	-62	181
5.565	0.920	37.251	-257.327	-28	15	82
5.659	0.978	37.233	-263.138	0	66	193
5.708	0.928	41.166	-262.382	-45	-9	131
5.741	0.823	47.248	-258.555	-69	-44	202
5.790	0.725	53.504	-255.437	-71	-35	208
5.853	0.635	59.799	-253.142	-72	-26	210
5.931	0.557	65.944	-251.852	-70	-15	205
6.022	0.495	71.739	-251.617	-66	-3	193
6.120	0.445	77.181	-252.174	-62	6	181
6.173	0.451	78.497	-254.051	-15	21	61
6.130	0.554	72.268	-257.780	71	42	208
6.108	0.661	66.426	-262.308	66	52	193
6.105	0.771	61.060	-267.557	61	60	178
6.125	0.880	56.506	-273.402	52	67	196
6.193	0.864	59.414	-274.733	-33	15	96
6.284	0.805	65.147	-274.641	-65	-1	190
6.353	0.827	66.366	-277.802	-14	36	105
6.354	0.937	61.232	-283.202	58	61	178
6.389	1.039	57.595	-289.251	41	69	202
6.458	1.125	55.933	-295.458	19	71	208
6.540	1.197	55.387	-301.481	6	69	202
6.620	1.274	54.613	-307.622	9	70	205
6.687	1.361	53.005	-313.886	18	71	208
6.746	1.453	50.900	-320.178	24	72	210
6.793	1.553	48.099	-326.479	32	72	210
6.825	1.659	44.557	-332.567	40	69	202
6.849	1.766	40.660	-338.514	44	68	199
6.856	1.877	36.109	-344.092	52	63	184
6.860	1.987	31.409	-349.547	53	62	181
6.836	1.982	30.722	-348.556	8	-11	32
6.796	1.879	33.762	-342.365	-35	-70	205
6.751	1.779	36.547	-336.132	-32	-71	208
6.689	1.687	38.370	-329.788	-21	-72	210
6.622	1.600	39.928	-323.513	-18	-71	208
6.546	1.519	40.866	-317.283	-11	-71	208
6.468	1.442	41.671	-311.130	-9	-70	205
6.382	1.372	41.927	-305.098	-3	-69	202
6.296	1.302	42.249	-299.028	-4	-69	202
6.206	1.239	42.198	-293.152	1	-67	196
6.113	1.179	41.942	-287.362	3	-66	193
6.019	1.121	41.636	-281.612	3	-65	190
5.942	1.118	39.333	-278.975	26	-30	87
5.904	1.219	33.291	-282.535	69	41	202
5.844	1.311	27.004	-284.862	72	26	210
5.765	1.388	20.821	-285.826	70	11	205
5.679	1.457	14.800	-286.105	69	3	202
5.589	1.521	8.923	-285.932	67	-2	196
5.499	1.585	3.016	-285.688	67	-3	196
5.410	1.651	-2.916	-285.566	67	-1	196
5.326	1.723	-9.006	-285.803	69	3	202
5.252	1.804	-15.212	-286.689	71	10	208
5.189	1.894	-21.509	-288.364	72	19	210
5.445	2.011	-18.985	-302.895	-29	165	483
5.492	1.911	-12.780	-300.128	-71	-31	208
5.559	1.825	-6.514	-298.680	-71	-16	208
5.644	1.754	-0.452	-298.480	-69	-2	202
5.738	1.699	5.234	-299.246	-65	9	190
5.840	1.657	10.569	-300.781	-61	17	178
5.947	1.630	15.332	-303.146	-54	27	158
6.056	1.631	18.921	-306.877	-41	42	123
6.163	1.660	21.187	-311.745	-26	55	161
6.264	1.703	22.709	-317.060	-17	60	175
6.357	1.761	23.287	-322.848	-7	66	193
6.438	1.836	22.745	-328.983	6	70	205
6.504	1.924	21.172	-335.265	18	71	208
6.551	2.023	18.446	-341.471	31	71	208
6.467	2.008	16.107	-338.054	27	-39	114
6.362	1.973	13.889	-332.949	25	-58	169
6.256	1.945	11.398	-328.140	28	-55	161
6.146	1.935	7.999	-323.986	39	-47	137
6.035	1.925	4.649	-319.792	38	-48	140
5.925	1.929	0.740	-316.191	44	-41	128
5.815	1.937	-3.359	-312.731	47	-39	137
5.706	1.950	-7.605	-309.508	48	-37	140
5.600	1.983	-12.621	-307.220	57	-26	166
4.174	7.600	-297.106	-425.981	3237	1351	9483
4.282	7.579	-291.100	-431.556	-68	63	199
4.391	7.558	-285.049	-437.140	-69	64	202
4.500	7.536	-279.016	-442.675	-69	63	202
4.605	7.508	-272.926	-447.896	-69	59	202
4.705	7.459	-266.595	-452.381	-72	51	210
4.804	7.411	-260.264	-456.820	-72	51	210
4.904	7.362	-253.932	-461.212	-72	50	210
4.989	7.294	-247.776	-464.419	-70	36	205
5.070	7.219	-241.632	-467.171	-70	31	205
5.151	7.144	-235.481	-469.846	-70	30	205
5.229	7.066	-229.422	-472.177	-69	27	202
5.289	6.973	-223.807	-473.157	-64	11	187
5.349	6.880	-218.168	-474.043	-64	10	187
5.408	6.787	-212.506	-474.836	-64	9	187
5.465	6.692	-206.938	-475.352	-63	6	184
5.511	6.593	-201.699	-475.081	-60	-3	175
5.555	6.491	-196.503	-474.511	-59	-6	172
5.597	6.389	-191.326	-473.794	-59	-8	172
5.675	6.356	-186.549	-476.733	-54	33	158
5.783	6.375	-181.913	-482.624	-53	67	196
5.892	6.387	-176.944	-488.420	-57	66	193
6.003	6.391	-171.618	-493.981	-61	63	184
6.114	6.386	-166.057	-499.230	-63	60	184
6.223	6.375	-160.317	-504.210	-65	57	190
6.331	6.354	-154.369	-508.815	-68	52	199
6.404	6.392	-151.807	-513.521	-29	54	158
6.450	6.492	-152.283	-518.821	5	60	175
6.503	6.589	-152.215	-524.354	-1	63	184
6.556	6.687	-152.052	-529.861	-2	63	184
6.610	6.784	-151.794	-535.340	-3	62	181
6.663	6.881	-151.438	-540.819	-4	62	181
6.716	6.978	-150.989	-546.239	-5	62	181
6.779	7.067	-149.738	-551.873	-14	64	187
6.863	7.139	-146.951	-558.080	-32	71	208
6.946	7.211	-144.088	-564.281	-33	71	208
7.030	7.284	-141.151	-570.477	-33	70	205
7.114	7.356	-138.141	-576.668	-34	70	205
7.198	7.427	-134.994	-582.822	-36	70	205
7.304	7.458	-129.861	-589.027	-58	71	208
7.410	7.489	-124.697	-595.226	-59	71	208
7.516	7.521	-119.477	-601.451	-59	71	208
7.623	7.552	-114.255	-607.637	-59	70	205
7.729	7.584	-109.004	-613.817	-60	70	205
7.837	7.592	-103.222	-619.450	-66	64	193
7.948	7.588	-97.085	-624.776	-70	61	205
8.058	7.583	-90.943	-630.057	-70	60	205
8.169	7.578	-84.795	-635.290	-70	60	205
8.279	7.574	-78.643	-640.473	-70	59	205
8.390	7.569	-72.486	-645.603	-70	58	205
8.500	7.563	-66.340	-650.595	-70	57	205
8.609	7.543	-60.006	-655.034	-72	50	210
8.717	7.519	-53.671	-659.210	-72	48	210
8.824	7.492	-47.348	-663.129	-72	45	210
8.931	7.463	-41.034	-666.844	-72	42	210
9.037	7.434	-34.726	-670.403	-72	40	210
9.143	7.405	-28.383	-673.861	-72	39	210
9.250	7.375	-22.041	-677.189	-72	38	210
9.357	7.349	-15.738	-680.482	-72	37	210
9.464	7.323	-9.438	-683.700	-72	37	210
9.573	7.301	-3.080	-687.004	-72	38	210
9.682	7.282	3.202	-690.309	-71	38	208
9.791	7.266	9.470	-693.592	-71	37	208
9.900	7.254	15.700	-696.925	-71	38	208
10.011	7.246	21.928	-700.337	-71	39	208
10.121	7.240	28.096	-703.686	-70	38	205
10.231	7.238	34.225	-707.060	-70	38	205
10.341	7.241	40.251	-710.540	-69	40	202
10.306	7.212	38.774	-708.079	17	-28	82
10.199	7.186	33.263	-703.574	63	-51	184
10.090	7.166	27.557	-699.183	65	-50	190
9.980	7.156	21.634	-695.102	67	-46	196
9.870	7.154	15.599	-691.316	69	-43	202
9.759	7.155	9.486	-687.516	70	-43	205
9.649	7.157	3.378	-683.594	69	-45	202
9.539	7.161	-2.728	-679.689	69	-44	202
9.428	7.165	-8.871	-675.681	70	-46	205
9.318	7.170	-15.009	-671.566	70	-47	205
9.208	7.178	-21.167	-667.533	70	-46	205
9.098	7.188	-27.378	-663.451	71	-46	208
8.987	7.200	-33.606	-659.319	71	-47	208
8.928	7.285	-38.300	-660.068	53	9	155
8.870	7.339	-42.351	-659.624	46	-5	134
8.831	7.236	-42.750	-654.060	5	-63	184
8.792	7.133	-43.106	-648.472	4	-64	187
8.752	7.030	-43.442	-642.820	4	-64	187
8.708	7.000	-45.263	-639.778	21	-35	102
8.671	7.104	-49.169	-642.154	44	27	128
8.635	7.208	-52.975	-644.462	43	26	125
8.555	7.259	-58.240	-642.771	60	-19	175
8.446	7.273	-64.421	-638.342	70	-50	205
8.337	7.285	-70.602	-633.761	70	-52	205
8.273	7.367	-75.532	-633.547	56	-2	164
8.217	7.462	-80.216	-633.973	53	5	155
8.179	7.429	-81.734	-631.130	17	-32	93
8.157	7.322	-81.060	-626.599	-8	-52	152
8.135	7.214	-80.282	-622.000	-9	-52	152
8.113	7.106	-79.440	-617.314	-10	-53	155
8.083	7.039	-79.773	-613.641	4	-42	123
8.032	7.138	-84.417	-614.656	53	12	155
7.983	7.237	-88.946	-615.618	52	11	152
7.902	7.276	-94.047	-613.045	58	-29	169
7.794	7.254	-99.513	-607.162	62	-67	196
7.687	7.227	-104.729	-601.194	59	-68	199
7.591	7.265	-110.663	-597.703	68	-40	199
7.501	7.329	-116.727	-595.226	69	-28	202
7.458	7.320	-118.928	-592.816	25	-27	79
7.482	7.213	-115.488	-590.847	-39	-22	114
7.507	7.106	-111.961	-588.788	-40	-23	117
7.533	6.998	-108.354	-586.597	-41	-25	120
7.557	6.891	-104.759	-584.268	-41	-26	120
7.543	6.844	-104.456	-582.094	-3	-25	73
7.466	6.922	-110.248	-581.023	66	-12	193
7.390	7.002	-116.022	-579.919	66	-13	193
7.314	7.014	-120.330	-576.634	49	-37	143
7.242	6.931	-122.287	-570.593	22	-69	202
7.173	6.845	-123.958	-564.577	19	-68	199
7.120	6.748	-124.488	-558.988	6	-64	187
7.073	6.649	-124.534	-553.576	1	-62	181
7.037	6.544	-123.770	-548.457	-9	-58	169
7.008	6.438	-122.547	-543.595	-14	-55	161
6.985	6.329	-120.869	-538.894	-19	-53	155
6.963	6.221	-119.044	-534.208	-21	-53	155
7.065	6.242	-114.432	-539.604	-52	61	178
7.174	6.260	-109.432	-545.163	-57	63	184
7.284	6.264	-103.926	-550.275	-63	58	184
7.394	6.264	-98.297	-555.193	-64	56	187
7.504	6.261	-92.583	-559.949	-65	54	190
7.613	6.246	-86.599	-564.155	-68	48	199
7.718	6.212	-80.337	-567.426	-71	37	208
7.818	6.166	-74.033	-569.936	-72	29	210
7.912	6.109	-67.757	-571.650	-71	20	208
7.997	6.039	-61.623	-572.364	-70	8	205
8.072	5.958	-55.722	-572.055	-67	-4	196
8.134	5.868	-50.221	-570.767	-63	-15	184
8.187	5.771	-45.007	-568.713	-59	-23	172
8.235	5.672	-39.915	-566.319	-58	-27	169
8.283	5.572	-34.801	-563.769	-58	-29	169
8.333	5.474	-29.630	-561.217	-59	-29	172
8.384	5.375	-24.355	-558.580	-60	-30	175
8.439	5.279	-18.942	-556.163	-62	-28	181
8.496	5.185	-13.438	-553.787	-63	-27	184
8.559	5.094	-7.710	-551.673	-65	-24	190
8.627	5.007	-1.870	-549.767	-66	-22	193
8.698	4.923	4.072	-547.976	-68	-20	199
8.776	4.845	10.206	-546.651	-70	-15	205
8.860	4.774	16.415	-545.652	-71	-11	208
8.949	4.709	22.687	-545.022	-71	-7	208
8.988	4.652	26.261	-543.331	-41	-19	120
8.878	4.644	21.087	-539.776	59	-40	172
8.768	4.642	15.771	-536.463	60	-38	175
8.658	4.654	10.029	-533.764	65	-31	190
8.548	4.667	4.299	-530.974	65	-32	190
8.442	4.697	-1.751	-529.096	69	-21	202
8.337	4.731	-7.897	-527.297	70	-20	205
8.238	4.779	-14.143	-526.259	71	-12	208
8.141	4.833	-20.483	-525.491	72	-9	210
8.051	4.895	-26.764	-525.197	71	-3	208
7.966	4.967	-33.081	-525.384	72	2	210
7.883	5.039	-39.307	-525.612	71	3	208
7.807	5.120	-45.452	-526.356	70	8	205
7.737	5.205	-51.424	-527.412	68	12	199
7.673	5.295	-57.246	-528.736	66	15	193
7.613	5.387	-62.924	-530.268	65	17	190
7.558	5.483	-68.466	-532.014	63	20	184
7.502	5.578	-74.015	-533.565	63	18	184
7.442	5.670	-79.662	-534.765	64	14	187
7.372	5.755	-85.572	-535.183	67	5	196
7.289	5.829	-91.788	-534.451	71	-8	208
7.194	5.885	-98.095	-532.461	72	-23	210
7.090	5.920	-104.279	-529.188	70	-37	205
7.016	5.911	-107.660	-525.621	38	-41	120
7.097	5.837	-101.541	-526.439	-70	9	205
7.165	5.750	-95.660	-526.122	-67	-4	196
7.208	5.649	-90.578	-524.128	-58	-23	169
7.225	5.541	-86.491	-520.660	-47	-39	137
7.223	5.430	-83.214	-516.233	-37	-50	146
7.274	5.363	-78.686	-515.629	-52	-7	152
7.374	5.318	-72.462	-517.881	-71	26	208
7.460	5.249	-66.206	-518.454	-71	7	208
7.528	5.163	-60.263	-517.529	-68	-11	199
7.547	5.076	-56.652	-514.577	-41	-34	120
7.437	5.072	-61.799	-510.204	59	-50	172
7.331	5.041	-65.820	-504.742	46	-62	181
7.231	4.995	-69.098	-498.896	37	-67	196
7.137	4.937	-71.595	-492.737	28	-70	205
7.050	4.869	-73.345	-486.488	20	-71	208
6.969	4.794	-74.571	-480.196	14	-72	210
6.889	4.717	-75.523	-473.824	11	-73	213
6.815	4.636	-76.036	-467.519	6	-72	210
6.742	4.553	-76.341	-461.218	3	-72	210
6.673	4.466	-76.239	-454.892	-1	-72	210
6.602	4.396	-76.792	-449.170	6	-65	190
6.552	4.495	-82.623	-451.222	66	23	193
6.502	4.576	-87.791	-452.473	59	14	172
6.488	4.467	-84.379	-447.500	-39	-57	166
6.486	4.356	-80.322	-442.925	-46	-52	152
6.489	4.245	-76.025	-438.446	-49	-51	149
6.499	4.135	-71.402	-434.258	-53	-48	155
6.527	4.029	-66.110	-430.911	-60	-38	175
6.571	3.928	-60.337	-428.287	-66	-30	193
6.604	3.964	-60.350	-431.117	0	32	93
6.642	4.067	-62.684	-436.941	27	66	193
6.693	4.165	-64.189	-443.053	17	70	205
6.752	4.204	-63.126	-447.020	-12	45	131
6.801	4.106	-57.334	-444.671	-66	-27	193
6.859	4.012	-51.289	-442.785	-69	-21	202
6.942	4.009	-47.580	-445.724	-42	33	123
7.011	4.095	-47.783	-452.069	2	72	210
7.074	4.185	-48.292	-458.352	6	71	208
7.128	4.281	-49.342	-464.536	12	70	205
7.113	4.324	-51.562	-465.842	25	15	73
7.007	4.298	-55.320	-460.735	43	-58	169
6.909	4.335	-61.073	-458.586	65	-24	190
6.878	4.430	-65.844	-461.440	54	32	158
6.954	4.509	-65.264	-467.723	-7	71	208
7.012	4.509	-62.650	-469.952	-30	25	87
7.081	4.432	-56.809	-469.299	-66	-7	193
7.174	4.476	-54.164	-474.724	-30	62	181
7.217	4.576	-55.687	-480.671	17	68	199
7.201	4.683	-60.104	-484.622	50	45	146
7.222	4.775	-62.202	-489.314	24	53	155
7.306	4.826	-60.040	-494.731	-25	62	181
7.330	4.720	-55.345	-491.104	-53	-41	155
7.340	4.610	-51.207	-486.714	-47	-50	146
7.337	4.500	-47.577	-481.819	-41	-56	164
7.317	4.392	-44.727	-476.370	-32	-62	181
7.280	4.287	-42.746	-470.403	-23	-68	199
7.252	4.209	-41.217	-465.895	-17	-51	149
7.340	4.274	-39.591	-471.978	-19	69	202
7.415	4.355	-39.018	-478.328	-7	72	210
7.484	4.442	-38.842	-484.651	-2	72	210
7.544	4.527	-38.948	-490.647	1	68	199
7.580	4.425	-33.817	-487.345	-58	-38	169
7.599	4.317	-29.273	-483.137	-52	-48	152
7.594	4.207	-25.704	-478.012	-41	-58	169
7.559	4.103	-23.653	-472.014	-23	-68	199
7.520	3.998	-21.698	-465.886	-22	-70	205
7.476	3.898	-20.027	-459.745	-19	-70	205
7.430	3.798	-18.403	-453.577	-18	-70	205
7.379	3.699	-17.006	-447.311	-16	-71	208
7.327	3.602	-15.645	-441.060	-15	-71	208
7.271	3.507	-14.421	-434.741	-14	-72	210
7.214	3.412	-13.223	-428.450	-14	-72	210
7.154	3.320	-12.130	-422.148	-12	-72	210
7.093	3.228	-11.065	-415.832	-12	-72	210
7.030	3.136	-9.990	-409.450	-12	-73	213
6.956	3.142	-13.310	-407.229	38	-25	111
6.881	3.223	-19.583	-408.355	71	13	208
6.803	3.301	-25.894	-409.192	72	10	210
6.719	3.372	-32.223	-409.430	72	3	210
6.630	3.437	-38.454	-409.115	71	-4	208
6.535	3.493	-44.571	-408.152	70	-11	205
6.434	3.535	-50.358	-406.236	66	-22	193
6.501	3.451	-44.231	-405.039	-70	-14	205
6.570	3.364	-37.930	-403.715	-72	-15	210
6.634	3.274	-31.672	-402.011	-71	-19	208
6.694	3.182	-25.483	-400.002	-70	-23	205
6.749	3.086	-19.362	-397.521	-70	-28	205
6.797	2.987	-13.380	-394.641	-68	-33	199
6.837	2.884	-7.559	-391.288	-66	-38	193
6.868	2.779	-1.971	-387.388	-64	-44	187
6.889	2.671	3.386	-383.035	-61	-50	178
6.902	2.561	8.447	-378.282	-58	-54	169
6.900	2.451	13.026	-372.998	-52	-60	175
6.838	2.404	12.662	-368.785	4	-48	140
6.730	2.390	9.131	-364.601	40	-48	140
6.629	2.345	7.222	-359.216	22	-61	178
6.535	2.288	6.213	-353.443	11	-66	193
6.440	2.231	5.223	-347.623	11	-66	193
6.339	2.188	3.477	-342.219	20	-61	178
6.231	2.172	0.305	-337.851	36	-50	146
6.132	2.212	-5.017	-336.275	61	-18	178
6.117	2.315	-10.206	-340.464	59	48	172
6.166	2.411	-12.730	-346.543	29	69	202
6.252	2.478	-12.547	-352.602	-2	69	202
6.352	2.524	-10.906	-358.139	-19	63	184
6.449	2.576	-9.514	-363.836	-16	65	190
6.522	2.657	-10.210	-370.081	8	71	208
6.564	2.758	-12.937	-376.152	31	69	202
6.575	2.867	-17.106	-381.508	47	61	178
6.501	2.857	-19.567	-378.478	28	-34	99
6.396	2.822	-22.117	-373.222	29	-60	175
6.291	2.787	-24.606	-367.943	28	-60	175
6.182	2.774	-28.082	-363.437	40	-51	149
6.072	2.764	-31.728	-359.017	41	-50	146
5.962	2.760	-35.600	-354.830	44	-48	140
5.851	2.770	-40.032	-351.193	50	-41	146
5.741	2.780	-44.425	-347.506	50	-42	146
5.635	2.809	-49.477	-344.756	57	-31	166
5.530	2.843	-54.729	-342.201	60	-29	175
5.429	2.885	-60.202	-340.067	62	-24	181
5.417	2.801	-56.773	-336.053	-39	-46	134
5.445	2.695	-50.921	-332.646	-67	-39	196
5.506	2.604	-44.659	-331.025	-71	-18	208
5.598	2.543	-38.725	-331.891	-68	10	199
5.699	2.497	-33.114	-333.577	-64	19	187
5.792	2.441	-27.308	-334.551	-66	11	193
5.859	2.355	-21.092	-333.178	-71	-16	208
5.878	2.251	-15.666	-329.167	-62	-46	181
5.803	2.181	-15.038	-323.348	-7	-66	193
5.694	2.178	-18.615	-319.303	41	-46	134
5.589	2.211	-23.683	-316.979	58	-26	169
5.493	2.265	-29.402	-315.822	65	-13	190
5.400	2.324	-35.227	-314.940	66	-10	193
5.302	2.375	-40.853	-313.472	64	-17	187
5.196	2.403	-45.603	-310.655	54	-32	158
5.095	2.405	-48.952	-306.845	38	-43	125
5.091	2.514	-54.265	-311.342	60	51	175
5.097	2.625	-59.310	-316.189	57	55	166
5.113	2.733	-63.862	-321.334	52	59	172
5.143	2.839	-67.819	-326.950	45	64	187
5.175	2.945	-71.622	-332.562	43	64	187
5.225	3.044	-74.487	-338.603	33	69	202
5.274	3.142	-77.287	-344.638	32	69	202
5.332	3.237	-79.519	-350.793	25	70	205
5.396	3.326	-81.229	-357.058	19	71	208
5.461	3.416	-82.862	-363.322	19	71	208
5.529	3.503	-84.135	-369.587	14	71	208
5.490	3.511	-85.948	-368.323	21	-14	61
5.393	3.458	-87.186	-362.257	14	-69	202
5.302	3.396	-87.742	-356.054	6	-71	208
5.216	3.327	-87.686	-349.772	-1	-71	208
5.135	3.252	-87.099	-343.464	-7	-72	210
5.060	3.172	-86.009	-337.147	-12	-72	210
4.982	3.105	-85.575	-331.307	-5	-66	193
4.918	3.195	-91.880	-332.269	72	11	210
4.858	3.287	-98.183	-333.380	72	13	210
4.798	3.380	-104.518	-334.478	72	13	210
4.739	3.473	-110.817	-335.577	72	12	210
4.682	3.568	-117.104	-336.772	72	14	210
4.629	3.665	-123.396	-338.101	72	15	210
4.578	3.762	-129.635	-339.502	71	16	208
4.529	3.862	-135.884	-341.001	71	17	208
4.485	3.963	-142.041	-342.656	70	19	205
4.442	4.065	-148.186	-344.403	70	20	205
4.407	4.170	-154.210	-346.494	69	24	202
4.387	4.277	-159.795	-349.286	64	32	187
4.400	4.386	-164.271	-353.609	51	49	149
4.427	4.492	-168.081	-358.489	43	56	164
4.482	4.480	-165.549	-360.626	-29	24	84
4.543	4.389	-159.277	-360.290	-71	-4	208
4.616	4.306	-152.975	-360.741	-72	5	210
4.700	4.234	-146.775	-361.993	-71	14	208
4.731	4.242	-146.001	-363.660	-9	19	55
4.686	4.343	-152.075	-365.232	69	18	202
4.658	4.449	-157.769	-367.609	65	27	190
4.650	4.559	-162.866	-371.037	58	39	169
4.654	4.669	-167.502	-374.958	53	45	155
4.669	4.778	-171.613	-379.293	47	49	143
4.722	4.820	-171.391	-383.149	-3	44	128
4.800	4.743	-165.096	-384.177	-72	12	210
4.778	4.645	-161.744	-379.861	-38	-49	143
4.784	4.537	-156.923	-376.431	-55	-39	161
4.844	4.447	-150.758	-376.027	-70	-5	205
4.944	4.451	-147.128	-380.698	-41	53	155
4.983	4.549	-149.824	-385.904	31	59	172
5.064	4.479	-143.743	-387.051	-69	13	202
5.121	4.398	-138.063	-386.680	-65	-4	190
5.052	4.315	-137.215	-380.632	-10	-69	202
4.947	4.300	-140.538	-375.388	38	-60	175
4.843	4.339	-146.082	-372.155	63	-37	184
4.874	4.250	-141.073	-370.338	-57	-21	166
4.933	4.157	-134.808	-369.577	-71	-9	208
4.999	4.068	-128.463	-369.220	-72	-4	210
5.071	3.985	-122.169	-369.270	-72	1	210
5.146	4.038	-121.734	-374.516	-5	60	175
5.202	4.133	-123.677	-380.504	22	68	199
5.251	4.229	-125.915	-386.242	25	65	190
5.310	4.138	-119.784	-385.316	-70	-11	205
5.358	4.039	-113.714	-383.637	-69	-19	202
5.391	3.935	-108.020	-381.004	-65	-30	190
5.438	3.969	-107.681	-384.337	-4	38	111
5.475	4.073	-110.664	-389.942	34	64	187
5.498	4.181	-114.256	-395.054	41	58	169
5.501	4.291	-118.711	-399.377	51	49	149
5.501	4.401	-123.264	-403.499	52	47	152
5.496	4.512	-127.931	-407.403	53	44	155
5.463	4.554	-130.966	-407.495	35	1	102
5.416	4.455	-128.848	-401.783	-24	-65	190
5.355	4.415	-129.636	-397.631	9	-47	137
5.287	4.501	-135.880	-397.782	71	2	208
5.217	4.586	-142.205	-397.719	72	-1	210
5.142	4.667	-148.513	-397.217	72	-6	210
5.065	4.747	-154.855	-396.504	72	-8	210
4.986	4.824	-161.199	-395.525	72	-11	210
4.902	4.896	-167.477	-394.097	71	-16	208
4.812	4.959	-173.656	-391.988	70	-24	205
4.716	5.013	-179.678	-389.216	69	-32	202
4.614	5.054	-185.406	-385.706	65	-40	190
4.507	5.075	-190.481	-381.240	58	-51	169
4.431	5.105	-194.624	-378.543	47	-31	137
4.485	5.200	-196.578	-384.099	22	63	184
4.562	5.280	-196.846	-390.241	3	70	205
4.654	5.339	-195.569	-396.518	-15	71	208
4.759	5.373	-192.685	-402.638	-33	70	205
4.763	5.477	-196.618	-405.989	45	38	131
4.767	5.587	-200.747	-409.539	47	40	137
4.797	5.692	-203.569	-414.092	32	52	152
4.852	5.787	-204.794	-419.574	14	62	181
4.924	5.869	-204.691	-425.566	-1	68	199
4.979	5.936	-204.698	-430.178	0	52	152
4.872	5.913	-208.591	-424.208	44	-68	199
4.770	5.871	-211.488	-417.942	33	-71	208
4.679	5.809	-213.048	-411.640	18	-72	210
4.599	5.733	-213.521	-405.489	5	-70	205
4.531	5.647	-212.968	-399.640	-6	-67	196
4.472	5.553	-211.603	-394.050	-16	-64	187
4.415	5.459	-210.063	-388.488	-18	-63	184
4.355	5.366	-208.622	-382.776	-16	-65	190
4.294	5.274	-207.076	-377.050	-18	-65	190
4.234	5.181	-205.428	-371.309	-19	-65	190
4.158	5.101	-204.813	-365.206	-7	-69	202
4.080	5.021	-204.139	-359.016	-8	-70	205
4.003	4.942	-203.360	-352.854	-9	-70	205
3.913	4.880	-203.758	-346.568	5	-72	210
3.819	4.821	-204.241	-340.226	5	-72	210
3.726	4.761	-204.615	-333.885	4	-72	210
3.622	4.726	-206.377	-327.755	20	-70	205
3.517	4.690	-208.062	-321.590	19	-70	205
3.412	4.658	-209.759	-315.495	19	-69	202
3.302	4.645	-212.500	-309.784	31	-65	190
3.192	4.643	-215.686	-304.317	36	-62	181
3.081	4.644	-218.924	-298.908	37	-62	181
2.977	4.660	-222.662	-294.266	43	-53	155
3.060	4.724	-223.477	-300.204	9	68	199
3.147	4.793	-224.367	-306.487	10	71	208
3.233	4.862	-225.143	-312.769	9	71	208
3.305	4.945	-226.890	-318.743	20	68	199
3.378	5.028	-228.585	-324.729	19	68	199
3.444	5.116	-230.571	-330.509	23	66	193
3.504	5.209	-232.873	-336.138	26	64	187
3.565	5.302	-235.082	-341.780	25	64	187
3.617	5.399	-237.611	-347.101	29	61	178
3.667	5.498	-240.241	-352.324	30	59	172
3.717	5.596	-242.770	-357.523	29	59	172
3.765	5.696	-245.295	-362.600	29	58	169
3.813	5.795	-247.716	-367.657	28	58	169
3.868	5.891	-249.595	-372.968	21	60	175
3.934	5.978	-250.607	-378.585	12	64	187
4.012	6.057	-250.665	-384.578	1	68	199
4.100	6.123	-249.646	-390.761	-12	70	205
4.196	6.177	-247.743	-397.070	-22	72	210
4.297	6.220	-245.074	-403.374	-30	72	210
4.404	6.248	-241.471	-409.580	-41	71	208
4.513	6.265	-237.304	-415.579	-47	68	199
4.623	6.269	-232.572	-421.321	-54	65	190
4.733	6.265	-227.517	-426.856	-58	63	184
4.843	6.255	-222.158	-432.187	-61	61	178
4.952	6.233	-216.486	-437.086	-65	56	190
5.032	6.244	-213.201	-441.415	-37	49	143
5.009	6.352	-217.952	-443.166	54	20	158
4.984	6.460	-222.711	-444.741	54	18	158
4.955	6.567	-227.573	-445.965	55	14	161
4.915	6.670	-232.804	-446.431	60	5	175
4.866	6.769	-238.282	-446.258	62	-2	181
4.809	6.863	-243.983	-445.450	65	-9	190
4.742	6.950	-249.913	-443.915	67	-17	196
4.665	7.029	-256.058	-441.590	70	-26	205
4.589	6.984	-258.332	-436.526	26	-58	169
4.513	6.904	-259.382	-430.770	12	-65	190
4.436	6.825	-260.384	-424.995	11	-66	193
4.441	6.903	-262.713	-426.958	27	22	79
4.466	7.010	-265.020	-430.593	26	41	120
4.491	7.118	-267.199	-434.151	25	40	117
4.516	7.225	-269.270	-437.669	24	40	117
4.542	7.333	-271.178	-441.146	22	40	117
4.477	7.314	-273.848	-437.287	30	-44	128
4.387	7.251	-276.341	-431.205	28	-69	202
4.289	7.230	-280.441	-425.541	47	-64	187
4.182	7.257	-286.385	-420.284	68	-60	199
4.074	7.277	-292.188	-414.842	66	-62	193
4.005	7.217	-293.531	-409.918	15	-56	164
3.955	7.118	-292.563	-405.372	-11	-52	152
3.899	7.032	-292.180	-400.662	-4	-54	158
3.875	7.139	-296.961	-401.457	54	9	158
3.853	7.247	-301.619	-402.286	53	9	155
3.832	7.355	-306.204	-403.048	52	9	152
3.807	7.462	-310.822	-403.542	53	6	155
3.750	7.414	-311.944	-399.618	13	-45	131
3.695	7.319	-311.403	-394.937	-6	-53	155
3.603	7.277	-314.192	-389.242	32	-65	190
3.494	7.266	-318.757	-383.058	52	-70	205
3.385	7.250	-323.084	-376.859	49	-71	208
3.343	7.153	-321.354	-372.866	-20	-45	131
3.308	7.049	-318.980	-369.026	-27	-44	128
3.260	6.986	-318.558	-365.305	-5	-42	123
3.221	7.089	-324.214	-365.035	64	-3	187
3.182	7.192	-329.802	-364.738	64	-3	187
3.143	7.294	-335.354	-364.342	63	-5	184
3.090	7.323	-338.728	-361.917	38	-28	111
3.040	7.223	-337.055	-357.544	-19	-50	146
2.945	7.191	-339.771	-351.804	31	-65	190
2.836	7.181	-343.865	-345.631	47	-70	205
2.726	7.171	-347.868	-339.459	46	-70	205
2.616	7.164	-351.904	-333.280	46	-70	205
2.505	7.159	-355.939	-327.168	46	-70	205
2.395	7.157	-359.964	-321.078	46	-69	202
2.284	7.156	-363.961	-314.970	45	-69	202
2.174	7.156	-367.851	-308.909	44	-69	202
2.064	7.156	-371.630	-302.852	43	-69	202
1.954	7.161	-375.488	-296.823	44	-69	202
1.845	7.175	-379.670	-291.037	48	-66	193
1.737	7.199	-384.087	-285.462	50	-63	184
1.631	7.227	-388.664	-279.996	52	-62	181
1.718	7.238	-386.572	-285.008	-24	57	166
1.829	7.238	-383.145	-291.102	-39	69	202
1.939	7.242	-379.797	-297.257	-38	70	205
2.049	7.251	-376.541	-303.464	-37	71	208
2.159	7.262	-373.168	-309.712	-38	71	208
2.268	7.276	-369.886	-315.962	-37	71	208
2.378	7.293	-366.532	-322.294	-38	72	210
2.486	7.314	-363.274	-328.583	-37	72	210
2.594	7.338	-359.980	-334.916	-37	72	210
2.701	7.364	-356.682	-341.220	-38	72	210
2.808	7.392	-353.377	-347.561	-38	72	210
2.915	7.421	-349.941	-353.902	-39	72	210
3.022	7.449	-346.375	-360.205	-41	72	210
3.129	7.477	-342.670	-366.540	-42	72	210
3.236	7.505	-338.852	-372.875	-43	72	210
3.343	7.530	-334.825	-379.169	-46	72	210
3.452	7.551	-330.456	-385.513	-50	72	210
3.561	7.572	-326.023	-391.823	-50	72	210
3.669	7.587	-321.342	-398.062	-53	71	208
3.780	7.597	-316.360	-404.286	-57	71	208
3.890	7.608	-311.319	-410.507	-57	71	208
0.515	7.852	-446.397	-225.521	1537	-2105	6166
0.548	7.747	-440.102	-226.277	-72	9	210
0.590	7.645	-433.859	-227.477	-71	14	208
0.641	7.546	-427.662	-229.134	-71	19	208
0.704	7.456	-421.713	-231.588	-68	28	199
0.768	7.366	-415.738	-234.008	-68	28	199
0.840	7.283	-409.995	-236.869	-65	33	190
0.920	7.206	-404.423	-240.251	-63	38	184
0.999	7.129	-398.798	-243.589	-64	38	187
1.089	7.066	-393.643	-247.631	-59	46	172
1.181	7.004	-388.463	-251.778	-59	47	172
1.274	6.946	-383.368	-256.016	-58	48	169
1.375	6.901	-378.707	-260.873	-53	55	161
1.476	6.856	-373.953	-265.704	-54	55	161
1.580	6.818	-369.411	-270.770	-52	58	169
1.686	6.787	-365.033	-276.044	-50	60	175
1.794	6.763	-360.920	-281.529	-47	62	181
1.903	6.744	-356.872	-287.108	-46	63	184
2.013	6.733	-353.080	-292.915	-43	66	193
2.123	6.725	-349.367	-298.765	-42	67	196
2.233	6.722	-345.715	-304.732	-42	68	199
2.343	6.721	-342.041	-310.686	-42	68	199
2.454	6.722	-338.381	-316.679	-42	68	199
2.564	6.727	-334.773	-322.735	-41	69	202
2.674	6.737	-331.238	-328.900	-40	70	205
2.784	6.749	-327.715	-335.079	-40	70	205
2.894	6.761	-324.100	-341.224	-41	70	205
3.004	6.773	-320.359	-347.396	-43	70	205
3.114	6.783	-316.439	-353.511	-45	70	205
3.224	6.791	-312.356	-359.598	-46	69	202
3.335	6.797	-308.027	-365.657	-49	69	202
3.445	6.799	-303.524	-371.616	-51	68	199
3.555	6.799	-298.893	-377.535	-53	67	196
3.665	6.797	-294.046	-383.393	-55	67	196
3.776	6.792	-289.065	-389.192	-57	66	193
3.886	6.780	-283.812	-394.829	-60	64	187
3.994	6.760	-278.291	-400.167	-63	61	184
4.100	6.731	-272.499	-405.139	-66	57	193
4.202	6.688	-266.429	-409.565	-69	50	202
4.293	6.627	-260.151	-412.955	-71	39	208
4.314	6.557	-256.730	-412.442	-39	-6	114
4.211	6.519	-259.912	-406.180	36	-71	208
4.108	6.480	-262.966	-399.878	35	-72	210
4.009	6.431	-265.415	-393.571	28	-72	210
3.916	6.372	-267.123	-387.294	19	-71	208
3.828	6.306	-268.176	-381.133	12	-70	205
3.747	6.230	-268.426	-375.119	3	-68	199
3.670	6.151	-268.223	-369.251	-2	-67	196
3.601	6.064	-267.302	-363.564	-10	-65	190
3.541	5.973	-265.700	-358.184	-18	-61	178
3.484	5.878	-263.712	-352.889	-23	-60	175
3.435	5.779	-261.174	-347.883	-29	-57	166
3.387	5.679	-258.409	-342.894	-31	-57	166
3.340	5.579	-255.488	-337.912	-33	-57	166
3.294	5.479	-252.465	-332.940	-34	-57	166
3.243	5.382	-249.611	-327.766	-32	-59	172
3.185	5.288	-247.092	-322.305	-29	-62	181
3.119	5.200	-244.956	-316.580	-24	-65	190
3.044	5.118	-243.304	-310.584	-19	-68	199
2.970	5.036	-241.540	-304.581	-20	-68	199
2.883	4.969	-240.728	-298.357	-9	-71	208
2.793	4.903	-239.957	-292.061	-9	-72	210
2.698	4.850	-239.844	-285.781	-1	-71	208
2.597	4.804	-240.134	-279.425	3	-72	210
2.494	4.764	-240.642	-273.192	6	-71	208
2.387	4.737	-241.862	-267.062	14	-70	205
2.279	4.711	-242.964	-260.929	13	-70	205
2.272	4.654	-240.141	-259.005	-32	-22	93
2.359	4.587	-234.623	-261.464	-63	28	184
2.449	4.522	-229.184	-264.122	-62	30	181
2.543	4.466	-223.981	-267.189	-59	35	172
2.642	4.416	-219.027	-270.615	-56	39	164
2.742	4.371	-214.205	-274.205	-55	41	161
2.846	4.332	-209.599	-278.099	-52	44	152
2.953	4.307	-205.497	-282.561	-47	51	149
3.061	4.282	-201.331	-286.989	-47	50	146
3.170	4.269	-197.712	-291.846	-41	55	161
3.280	4.262	-194.257	-296.917	-39	58	169
3.390	4.259	-190.933	-302.057	-38	58	169
3.500	4.269	-188.185	-307.634	-31	63	184
3.611	4.279	-185.352	-313.196	-32	63	184
3.718	4.302	-183.108	-319.003	-26	66	193
3.825	4.329	-181.030	-324.948	-24	68	199
3.932	4.358	-178.954	-330.922	-24	68	199
4.025	4.363	-176.128	-335.421	-32	51	149
4.057	4.258	-170.106	-333.435	-69	-23	202
4.091	4.153	-164.069	-331.464	-69	-22	202
4.126	4.048	-157.995	-329.452	-69	-23	202
4.161	3.943	-151.914	-327.377	-69	-24	202
4.195	3.838	-145.826	-325.239	-69	-24	202
4.234	3.735	-139.695	-323.278	-70	-22	205
4.273	3.631	-133.519	-321.274	-70	-23	205
4.313	3.528	-127.338	-319.207	-70	-24	205
4.352	3.424	-121.121	-317.067	-71	-24	208
4.394	3.322	-114.931	-315.064	-70	-23	205
4.437	3.220	-108.695	-313.049	-71	-23	208
4.481	3.118	-102.457	-310.972	-71	-24	208
4.524	3.017	-96.217	-308.833	-71	-24	208
4.569	2.916	-89.987	-306.752	-71	-24	208
4.616	2.816	-83.701	-304.720	-72	-23	210
4.663	2.716	-77.414	-302.627	-72	-24	210
4.710	2.616	-71.126	-300.474	-72	-24	210
4.758	2.516	-64.833	-298.281	-72	-25	210
4.807	2.417	-58.526	-296.122	-72	-25	210
4.856	2.317	-52.218	-293.903	-72	-25	210
4.835	2.210	-47.646	-288.550	-52	-61	178
4.816	2.101	-42.896	-283.227	-54	-61	178
4.805	1.991	-37.846	-278.127	-57	-58	169
4.801	1.881	-32.530	-273.296	-60	-55	175
4.808	1.771	-26.897	-268.797	-64	-51	187
4.827	1.662	-20.951	-264.794	-68	-46	199
4.846	1.553	-14.996	-260.754	-68	-46	199
4.882	1.448	-8.775	-257.474	-71	-37	208
4.919	1.344	-2.519	-254.250	-71	-37	208
4.972	1.248	3.772	-251.885	-72	-27	210
5.029	1.153	10.109	-249.650	-72	-25	210
5.098	1.068	16.316	-248.206	-71	-16	208
5.171	0.984	22.527	-246.957	-71	-14	208
5.247	0.905	28.636	-245.979	-70	-11	205
5.263	0.811	33.805	-242.156	-59	-44	172
5.231	0.706	38.105	-236.187	-49	-68	199
5.187	0.605	41.942	-230.041	-44	-70	205
5.212	0.547	45.519	-228.179	-41	-21	120
5.322	0.547	48.597	-231.824	-35	41	120
5.432	0.553	51.390	-235.757	-32	45	131
5.538	0.566	53.814	-239.806	-28	46	134
5.593	0.470	60.132	-237.044	-72	-31	210
5.658	0.381	66.447	-234.832	-72	-25	210
5.734	0.303	72.528	-233.466	-69	-16	202
5.820	0.233	78.481	-232.760	-68	-8	199
5.914	0.177	83.995	-232.922	-63	2	184
6.014	0.128	89.343	-233.494	-61	7	178
6.117	0.091	94.273	-234.720	-56	14	164
6.224	0.061	98.943	-236.355	-53	19	155
6.331	0.037	103.410	-238.203	-51	21	149
6.441	0.021	107.524	-240.509	-47	26	137
6.551	0.011	111.473	-243.045	-45	29	131
6.661	0.003	115.303	-245.659	-44	30	128
6.707	0.048	114.677	-249.139	7	40	117
6.659	0.146	108.465	-252.803	71	42	208
6.614	0.246	102.251	-256.596	71	43	208
6.572	0.349	96.030	-260.548	71	45	208
6.531	0.452	89.847	-264.524	70	45	205
6.540	0.532	86.366	-268.771	40	48	140
6.650	0.535	89.824	-272.062	-39	37	114
6.761	0.541	93.212	-275.442	-39	38	114
6.870	0.553	96.307	-279.052	-35	41	120
6.858	0.632	92.242	-282.685	46	41	134
6.800	0.725	85.984	-285.744	71	35	208
6.749	0.823	79.730	-289.179	71	39	208
6.775	0.917	76.300	-294.579	39	61	178
6.848	0.999	75.017	-300.773	15	70	205
6.917	1.085	73.542	-307.029	17	71	208
6.984	1.173	71.970	-313.263	18	71	208
7.036	1.270	69.481	-319.600	28	72	210
7.088	1.367	67.028	-325.900	28	72	210
7.120	1.473	63.537	-332.086	40	70	205
7.153	1.579	60.091	-338.268	39	70	205
7.168	1.688	55.924	-344.103	47	66	193
7.181	1.798	51.666	-349.916	48	66	193
7.187	1.907	47.158	-355.498	51	64	187
7.182	2.018	42.271	-360.807	56	60	175
7.171	2.128	37.179	-365.837	58	57	169
7.151	2.236	31.839	-370.528	61	53	178
7.147	2.340	27.305	-375.410	52	56	164
7.198	2.437	25.271	-381.704	23	72	210
7.248	2.535	23.166	-387.983	24	71	208
7.296	2.635	21.000	-394.283	25	72	210
7.343	2.735	18.876	-400.544	24	71	208
7.390	2.835	16.765	-406.832	24	72	210
7.435	2.935	14.691	-413.078	24	71	208
7.481	3.037	12.604	-419.374	24	72	210
7.524	3.138	10.508	-425.590	24	71	208
7.567	3.240	8.413	-431.828	24	71	208
7.610	3.342	6.379	-438.062	23	71	208
7.651	3.444	4.327	-444.239	23	70	205
7.691	3.547	2.247	-450.423	24	70	205
7.731	3.651	0.229	-456.604	23	70	205
7.769	3.754	-1.790	-462.732	23	70	205
7.806	3.858	-3.859	-468.864	24	70	205
7.843	3.962	-5.865	-474.990	23	70	205
7.878	4.067	-7.897	-481.085	23	69	202
7.912	4.173	-9.979	-487.140	24	69	202
7.945	4.279	-11.998	-493.187	23	69	202
7.985	4.379	-13.487	-499.206	17	68	199
8.089	4.350	-7.627	-501.278	-67	24	196
8.196	4.322	-1.706	-503.414	-67	24	196
8.303	4.295	4.237	-505.503	-68	24	199
8.411	4.276	9.970	-507.914	-65	27	190
8.522	4.266	15.528	-510.745	-63	32	184
8.632	4.256	21.101	-513.491	-63	31	184
8.742	4.264	26.152	-517.017	-57	40	166
8.853	4.271	31.227	-520.469	-58	39	169
8.961	4.288	35.916	-524.291	-53	43	155
9.069	4.313	40.360	-528.431	-51	47	149
9.175	4.341	44.707	-532.592	-49	47	143
9.278	4.381	48.500	-537.266	-43	53	155
9.378	4.427	52.063	-542.116	-41	55	161
9.476	4.478	55.424	-547.115	-38	57	166
9.570	4.536	58.410	-552.364	-34	60	175
9.659	4.602	61.012	-557.838	-30	62	181
9.744	4.672	63.342	-563.467	-27	64	187
9.693	4.716	59.561	-564.650	43	13	125
9.585	4.741	53.456	-563.420	69	-14	202
9.479	4.770	47.333	-562.354	70	-12	205
9.376	4.811	41.038	-561.862	72	-6	210
9.277	4.858	34.764	-561.632	71	-3	208
9.183	4.917	28.435	-562.017	72	4	210
9.095	4.981	22.202	-562.741	71	8	208
9.012	5.055	16.021	-563.946	70	14	205
8.934	5.133	9.945	-565.398	69	17	202
8.862	5.217	4.059	-567.235	67	21	196
8.799	5.307	-1.612	-569.515	65	26	190
8.743	5.402	-6.984	-572.150	61	30	178
8.692	5.500	-12.147	-575.001	59	32	172
8.646	5.601	-17.126	-578.058	57	35	166
8.600	5.701	-22.093	-580.921	57	33	166
8.552	5.801	-27.065	-583.686	57	31	166
8.501	5.898	-32.145	-586.072	58	27	169
8.442	5.991	-37.531	-587.871	61	20	178
8.380	6.083	-42.960	-589.412	62	18	181
8.307	6.166	-48.768	-589.982	66	6	193
8.233	6.247	-54.567	-590.321	66	4	193
8.146	6.317	-60.706	-589.560	70	-9	205
8.060	6.385	-66.820	-588.615	70	-11	205
7.966	6.441	-73.077	-586.773	71	-21	208
7.866	6.489	-79.395	-584.245	72	-29	210
7.763	6.528	-85.716	-581.105	72	-36	210
7.660	6.566	-91.993	-577.902	71	-36	208
7.724	6.643	-90.411	-583.507	-18	64	187
7.818	6.701	-86.792	-589.800	-41	72	210
7.920	6.740	-82.215	-595.781	-52	68	199
8.027	6.768	-77.166	-601.523	-57	65	190
8.137	6.782	-71.629	-606.909	-63	61	184
8.246	6.796	-66.080	-612.196	-63	60	184
8.357	6.798	-60.210	-617.065	-67	55	196
8.467	6.800	-54.330	-621.874	-67	55	196
8.577	6.798	-48.397	-626.452	-67	52	196
8.688	6.793	-42.353	-630.831	-69	50	202
8.799	6.788	-36.270	-635.151	-69	49	202
8.909	6.780	-30.204	-639.226	-69	46	202
9.019	6.769	-24.053	-643.086	-70	44	205
9.129	6.758	-17.898	-646.843	-70	43	205
9.239	6.746	-11.739	-650.494	-70	42	205
9.348	6.734	-5.588	-653.964	-70	39	205
9.458	6.726	0.498	-657.479	-69	40	202
9.568	6.722	6.542	-661.144	-69	42	202
9.679	6.721	12.577	-664.834	-69	42	202
9.789	6.722	18.550	-668.434	-68	41	199
9.900	6.724	24.535	-672.024	-68	41	199
10.010	6.731	30.365	-675.725	-66	42	193
10.119	6.748	36.013	-679.749	-64	46	187
10.227	6.770	41.548	-683.904	-63	47	184
10.335	6.794	47.007	-688.017	-62	47	181
10.440	6.828	52.236	-692.445	-59	50	172
10.545	6.863	57.365	-696.856	-58	50	169
10.646	6.908	62.195	-701.600	-55	54	161
10.744	6.957	66.871	-706.370	-53	54	158
10.840	7.013	71.244	-711.408	-50	57	166
10.932	7.074	75.423	-716.539	-48	58	169
11.017	7.144	79.118	-721.933	-42	61	178
11.097	7.220	82.510	-727.522	-39	64	187
11.173	7.300	85.645	-733.182	-36	64	187
11.245	7.383	88.545	-738.935	-33	65	190
11.309	7.473	90.960	-744.876	-27	68	199
11.366	7.568	92.988	-750.969	-23	69	202
11.414	7.667	94.521	-757.155	-17	70	205
11.455	7.769	95.687	-763.406	-13	71	208
11.485	7.875	96.252	-769.710	-6	72	210
11.500	7.985	96.008	-776.026	3	72	210
11.434	7.934	92.746	-772.235	37	-43	125
11.349	7.864	88.706	-767.019	46	-59	172
11.261	7.798	84.474	-761.889	48	-58	169
11.166	7.740	79.798	-756.982	53	-56	164
11.069	7.690	74.891	-752.271	56	-54	164
10.967	7.645	69.755	-747.635	58	-53	169
10.863	7.609	64.370	-743.288	61	-49	178
10.758	7.576	58.857	-738.933	63	-50	184
10.650	7.552	53.176	-734.812	65	-47	190
10.541	7.533	47.337	-730.776	66	-46	193
10.432	7.521	41.388	-726.941	68	-44	199
10.322	7.516	35.331	-723.231	69	-42	202
10.211	7.514	29.182	-719.503	70	-42	205
10.101	7.517	23.010	-715.894	70	-41	205
9.990	7.521	16.805	-712.136	71	-43	208
9.881	7.530	10.577	-708.508	71	-41	208
9.770	7.542	4.286	-704.862	72	-41	210
9.662	7.559	-1.993	-701.330	71	-40	208
9.553	7.581	-8.355	-697.828	72	-40	210
9.445	7.604	-14.657	-694.310	72	-40	210
9.338	7.632	-21.001	-690.870	72	-39	210
9.231	7.661	-27.346	-687.294	72	-41	210
9.125	7.689	-33.654	-683.627	72	-42	210
9.018	7.718	-39.991	-679.839	72	-43	210
8.911	7.747	-46.327	-675.932	72	-44	210
8.804	7.774	-52.630	-671.831	72	-47	210
8.696	7.798	-58.965	-667.506	72	-49	210
8.589	7.821	-65.265	-663.073	72	-50	210
8.479	7.839	-71.616	-658.269	72	-55	210
8.370	7.856	-77.899	-653.429	71	-55	208
8.260	7.866	-84.158	-648.262	71	-59	208
8.150	7.876	-90.415	-643.042	71	-59	208
8.040	7.875	-96.491	-637.465	69	-63	202
7.929	7.872	-102.580	-631.800	69	-64	202
7.818	7.870	-108.662	-626.104	69	-65	202
7.709	7.865	-114.647	-620.356	68	-65	199
7.601	7.842	-120.262	-614.215	64	-70	205
7.492	7.819	-125.858	-608.066	64	-70	205
7.384	7.796	-131.462	-601.878	64	-70	205
7.281	7.758	-136.464	-595.632	57	-71	208
7.180	7.712	-141.190	-589.296	54	-72	210
7.079	7.666	-145.873	-582.961	53	-72	210
6.984	7.613	-150.100	-576.705	48	-71	208
6.896	7.546	-153.597	-570.499	40	-71	208
6.808	7.479	-157.027	-564.289	39	-71	208
6.721	7.412	-160.307	-558.124	37	-70	205
6.644	7.332	-162.706	-552.157	27	-68	199
6.571	7.249	-164.780	-546.298	24	-67	196
6.502	7.162	-166.464	-540.489	19	-66	193
6.440	7.071	-167.594	-534.930	13	-63	184
6.381	6.978	-168.452	-529.430	10	-63	184
6.328	6.881	-168.740	-524.108	3	-61	178
6.277	6.783	-168.841	-518.834	1	-60	175
6.226	6.689	-168.907	-513.631	1	-59	172
6.117	6.700	-174.735	-508.485	66	-59	193
6.006	6.701	-180.329	-502.968	64	-63	187
5.896	6.700	-185.823	-497.404	63	-63	184
5.786	6.691	-191.030	-491.630	59	-66	193
5.727	6.769	-196.229	-490.698	59	-11	172
5.676	6.867	-201.495	-490.630	60	-1	175
5.624	6.965	-206.777	-490.415	60	-2	175
5.566	7.058	-212.265	-489.626	62	-9	181
5.503	7.149	-217.840	-488.500	63	-13	184
5.436	7.237	-223.591	-486.914	65	-18	190
5.362	7.319	-229.476	-484.795	67	-24	196
5.286	7.399	-235.406	-482.433	67	-27	196
5.206	7.475	-241.458	-479.691	69	-31	202
5.121	7.546	-247.623	-476.508	70	-36	205
5.030	7.609	-253.851	-472.802	71	-42	208
4.935	7.664	-260.141	-468.629	72	-47	210
4.836	7.712	-266.443	-464.072	72	-52	210
4.734	7.756	-272.780	-459.308	72	-54	210
4.631	7.792	-279.040	-454.210	71	-58	208
4.524	7.824	-285.305	-448.873	71	-61	208
4.416	7.845	-291.403	-443.278	69	-64	202
4.307	7.862	-297.455	-437.503	69	-66	202
4.197	7.872	-303.317	-431.599	67	-67	196
4.086	7.877	-309.109	-425.522	66	-69	202
3.976	7.879	-314.750	-419.463	64	-69	202
3.865	7.874	-320.197	-413.261	62	-71	208
3.755	7.869	-325.601	-407.056	61	-71	208
3.645	7.857	-330.660	-400.806	58	-71	208
3.536	7.843	-335.648	-394.513	57	-72	210
3.427	7.824	-340.352	-388.230	54	-71	208
3.319	7.801	-344.850	-381.898	51	-72	210
3.211	7.779	-349.258	-375.566	50	-72	210
3.104	7.751	-353.310	-369.263	46	-72	210
2.997	7.722	-357.276	-362.894	45	-72	210
2.890	7.694	-361.104	-356.557	44	-72	210
2.784	7.665	-364.799	-350.253	42	-72	210
2.677	7.637	-368.389	-343.915	41	-72	210
2.570	7.609	-371.843	-337.578	39	-72	210
2.462	7.585	-375.339	-331.272	40	-72	210
2.354	7.563	-378.836	-324.934	40	-72	210
2.245	7.544	-382.315	-318.644	40	-72	210
2.135	7.532	-385.975	-312.355	42	-72	210
2.026	7.521	-389.558	-306.117	41	-71	208
1.914	7.518	-393.355	-299.884	43	-71	208
1.804	7.514	-396.985	-293.681	41	-71	208
1.694	7.516	-400.692	-287.565	42	-70	205
1.584	7.520	-404.379	-281.489	42	-69	202
1.474	7.530	-408.160	-275.498	43	-68	199
1.365	7.547	-412.130	-269.647	45	-67	196
1.257	7.572	-416.287	-263.923	47	-65	190
1.152	7.604	-420.630	-258.439	49	-62	181
1.046	7.638	-424.931	-252.959	49	-62	181
0.946	7.683	-429.575	-247.876	53	-58	169
0.845	7.730	-434.184	-242.757	52	-58	169
0.752	7.788	-439.119	-238.163	56	-52	164
0.660	7.849	-444.039	-233.669	56	-51	164
0.577	7.922	-449.390	-229.750	61	-45	178
0.498	7.999	-454.835	-226.096	62	-42	181
